-570869300000.0
1.6314463e-16
-2.4710877e-14
4.938431e+27
-1.356564e+34
-8.949129e-09
529892480.0
1.0241934e-21
3.1423058e-06
-5.2028005e+26
0.0002794404
-2.7209835e-36
3.2773055e-09
-15860682000.0
-2.748015e-22
-0.02859625
3.9751257e+29
-4.6200824
nan
-4123517.5
6.6567163e+28
-8.994964e-29
2.662154e+33
3.1091822e+38
1.5069056e-23
67614460000.0
949.5649
-3.8451006e-07
1.32157655e+29
1.8266045e+24
-1.2346222e+37
-2.1996051e-13
3.856516e-27
-4.2754314e-07
-7.08473e-31
1.6895599e-36
4.046485e-24
5.897591e+25
-3.2297322e+29
0.0020561886
-211853750000.0
-9.777791e-08
-0.25636536
-5.014261e-16
-2.747185e-25
55393745000000.0
-4.337608e-10
-4.536713e-24
-41297054000000.0
-5.0126695e-24
-6.4735083e+34
1.4210777e-29
8.571788e+27
3.7733494e-33
8.341565e+34
-2.491737e-17
-2.2387038e+19
5.2064744e-22
0.0041700494
-2.0275193e-07
-4.4994348e+33
-6.106992e-35
30365274000.0
15.013044
-1.1781365e+25
110732.07
1.9801277e-29
6.907873e+23
41871326000000.0
3.619803e-07
1.6728652e+21
-1.9154164e-36
-3.3519576e+22
5.3804938e-30
1.3682901e-17
-4.6105066e-09
-10299133.0
7.2582286e-32
-5.0450053e-17
-3.4170587e-06
-2.3182524e-17
31.474606
-6.4326503e-15
-8.9670995e+24
4.804391e-37
-5.722863e+28
-4861365.0
1.116462e-07
2.827422e+24
8.052617e-31
0.000121409525
-2.817937e-39
1.7137439e-25
-1.2524364e-09
-57.903664
-1.1190823e-29
-3.9732816e-34
-1.4864861e-36
-1.2865638e-29
-1.6749182e+29
-2.7541487e-08
1.3913956e+35
-8.048784e-14
-1.452031e+32
-6.873234e-28
-6.3707135e-05
1.9027653e-15
-8.565338e-20
2.4331796e-30
8.316416e-39
-1.220022e-20
1750035600000.0
2.22224e-22
-3.2362188e+16
-1.6694154e-25
-5.0742643e-26
3.239651e-09
-4.2893613e+30
2.3650014e+27
-4.8781268e+29
1.5008858e-08
-85906060000.0
2.6126417e-11
-10832602000000.0
2.1212512e-13
-1.7047661e-32
-3.3904885e-35
2.4863775e-36
-2.2261032e-37
-841975600000000.0
-2.6880736e+26
1.5141287e+31
1.064049e-12
111467330000.0
-6.885454e-11
-1.1964761e-23
2.2536337e-07
-4.8592075e-22
1.7521658e-22
1.5641307e-21
107.51877
-8.018889e+34
3.65258e+27
-39407200000.0
3.2194403e+28
-1870440.8
6.809938e+28
-3.62585e-27
-0.23240346
-1949902000000.0
2.1195817e-20
3.172121e-15
-2.3309937e-36
-1.1132797e+33
5659601000000.0
1.4325753e-06
0.21281388
60.62863
0.04103302
-1.4169171e-18
1.2317804e+33
0.0086302515
1.1836952e+33
58195607000000.0
4.57292e-18
4.838144e-38
-2.5257734e-30
5.1006824e-21
-2.7280072e-29
1.2140218e+33
2.4241493e-37
3.4711066e-25
1.205957e+33
1.9355862e-07
-13817116000000.0
3.2966726e+38
-8344681000000.0
-5.643855e-13
-7.171622e+20
-8.4054915e+37
2.275388e-09
3576859000000000.0
-5.2957107e-06
-56746.79
-3.3584366e+33
3186542.8
-167032850000.0
-37.32399
2.6929068e-17
-2031549900000000.0
-1.7917073e-10
-4.6881085e-31
-6.472414e+32
3908130000000000.0
-1.0025951e+24
-4.4210287e-34
-4.2044797e-15
-4.9085557e+28
2.3630193e-33
-46454430.0
-20119756.0
8.921581e+16
-103260460000000.0
-1.4298099e-15
-1.2990553e+36
-4.9655077e-31
-3348052500.0
2.359425e+23
687.6518
-1.2138945e+36
-2327459700000000.0
-14715.399
-5.628318e-11
1048554960000.0
-1.09807594e+27
-3.4459614e+37
762412100.0
0.00038873128
-405987.0
-3.314573e-31
-1.5546994e-24
1.6911971e-28
15559.4795
-1.0128997e+23
2.1437192e-25
-2.5211709
5.664432e-33
1.2162009e-21
5.761844e+29
1.5424609e+17
-6.495809e+24
-7.2730196e+31
-853309.75
-3444.229
90836240000000.0
6.534425e+36
-4.5310428e+23
116643.54
6.312755e-18
-3.5773003e+20
-3.277132e-08
-1.8061766e-34
-1.7519385
502775170.0
3.3341808e+22
7.749068e+32
-7.642068e-18
40.18062
-4.0620856e-34
-5.636396e-17
9.006587e+30
-0.016097134
-0.00096764165
1.614718e-35
0.0009700415
0.0026260945
0.010622493
-21.255043
-1.3235792e-19
-6084180000000000.0
2.7387461e-21
-1.4601894e-16
-102.79079
-3.9784424e-28
2.5674609e-26
-2.8230765e+28
9.81505e-22
17065471000000.0
4.2225978e+27
0.22521298
3.957145e+27
-4.543416e+32
-1.3862622e+27
1.0523593e-19
-2.7110889e+28
-7.878736e-19
-9.339407e-31
-2.4597382e-27
1.9025374e-06
-1035480600.0
2.8283971e+23
2.750913e+34
-3.2197474e+16
3.1655956e-20
1.0156862e+33
-10.745819
-3.54e-24
-78166.94
-5.420515e+31
-1.2782864e-24
-5894439400000.0
3.8249934e-11
1.4629718e-14
0.20308074
-2.69491e-29
5.26757e-39
-4.1763335e-20
-768.37665
1.5816397e+34
-1.0799906e-08
-5.708423e+36
2.2004968e-38
-3.0431642e+35
8.738146e+31
3.2188815e-21
-3.1062095e+29
-3.27181e-12
-6.08244e-14
-2.0764161e+23
-731506.75
-2.0434785e+31
371273660000.0
-3.0451054e-26
1.8765102e-37
-11.588209
-2.7224713e-34
6.644123e+30
-70229260000.0
242605640000.0
3.2639773e-38
5580077300000000.0
84040080000.0
2.2763118e-16
-1.44584685e-33
2.128696e-13
89483360000000.0
-3.616313e+36
129236580.0
-5.8708397e-26
2.0656919e+33
1.127757e+37
9.216856e-30
2.2398106e-35
-2.350453e+28
-157999240000.0
3.635384e-32
-4.4010526e+18
-0.000533036
5.1232082e-23
1.3052161e-28
3.4266389e-28
-9.889821e-30
-5.546235e-08
-3.9042413e+34
1.1833471e+16
-148622750.0
-1.3552085e+22
7.5732934e-38
-6.858693e+17
3.5568978e+16
-2.8133474e+26
3.572646e-37
-1.8018232e-17
-1.02882666e-07
925275700000.0
-2.9483193e-27
5.0232073e-18
1864675000.0
-1.1830098e-38
2.9206889e+26
-0.41261545
-1.4474757e+32
-5.1663208e-23
3.4965526e-31
-1.2520964e-22
-9118.625
-2.472182e+32
-1.956359e-26
-3.7243127e-23
-1.3829573e-05
-1.54726525e-27
1.5696324e+24
-9.0271726e-26
6.890978e-21
-2.0058112e-20
1749.7157
-1.0334301e-18
-9.270784e+34
4.102542e-19
-2.9927585e-33
-0.012710152
1.1301954e-29
12395145000000.0
2.2217196e-12
8.32472e+28
2.569606e-36
-3.0225447e-12
8.4017376e-11
4.52817e+18
-1.2685843e-16
-9675341000.0
1.999215e-06
-1.2004577e+27
1.9071965
-1.6304914e-20
-5.218733e-28
-2.5261024e+28
3.9231496e+18
3.4619537e-15
-3.5794473e+29
-6.784967e-13
1.1669173e+19
1.1793475e+25
-5.0783937e-31
-2.8731364e-34
249190.62
-2.0595442e+17
4.2447162e+20
1.6629099e+16
-1.16435215e-26
197631710.0
1.9349595e+38
4.5296057e-15
3.7466372e-16
3.454117e-37
-3.4754888e-15
6.5984724e-25
2.26694e+17
1.1074004e-09
1.1561728e+17
-4.4976167e+37
-1.0956788e-22
-3.6184858e-37
-5.5494824e-35
-1.0183794e-16
1.957642e+16
6.6104324e-31
5.2557368e-21
3.580109e-34
-6.280113e-10
-27.143015
-5.95795e-18
-42432.004
1868090.8
2.7426905e-19
-9.1272715e+30
-1198714000000.0
1.5890639e+24
5203664000000.0
-4.332521e-15
5.5806036
-1.0041381e-10
-1.5838385e-16
-1.4537215e+20
-377430180.0
167161380000.0
-1.53211e-10
377679930000000.0
-5.195934e+19
3.3350883e-19
-2.26264e-18
6.994859e+16
-6.5650575e-38
-1956190100.0
2.8635039e+20
8.030947e-29
1.4740827e-20
-2.2418084e-33
1.644367e+33
-0.17913623
6.0681068e+35
-8.3824493e-16
-2.3394362e+21
8.273354e+24
-4.589732e-10
8.8363415e-27
1.1511725e-34
5.0143623e+25
-1.8880193e-38
-135491800.0
-52870860000000.0
-1.8560096e-13
-604.17017
3.4688566
-9.311834e+27
-1.07046945e-16
1.4393438e-08
1.9948711e+21
5.932976e-25
-1.9725346e-21
0.01718662
-5.7458697e-34
-2.8711906e+21
-1.9805733e+35
2.8119573e+33
-2.4451145e-18
-1.05458245e-13
165509840.0
-1.382299e+21
-1.711972e-27
-1.9144966e+24
3.0454128e-05
-1.3687464e+34
1752467100.0
-0.0420829
-6.2306903e-38
2.6241432e+33
1.7287368e-14
2.8812568e-05
-4.797624e+29
3.709596e-19
-397.234
12703643.0
-4.574334e+32
-1.2036539e+29
2.5517582e-10
4247308300.0
1.3837066e+21
2.886257e+23
3.2375835e-06
4.955324e-35
-93501.445
-7.501345e-23
-6.839559
-117.37081
1799482800000.0
-6.6110895e-09
3.951222e-12
-2.318694e-23
-4.7267645e+23
-0.33473998
1.9833613e-13
2.8666824e-09
-1.6415913e+20
-5.7221923e+19
3.0698919e-30
-1.1760171e+26
-3.1812565e+33
nan
-1.1397106e+28
-2.7857788e+23
1.7282084e-06
4.2727673e-13
3.6335482e-08
-6.6883352e+16
-3.487452e-11
-7.0864814e+30
3.260194e-38
-4.174435e-09
-30.608665
2.0542335e+38
0.009406182
3.5935817
-0.18252072
1.3263891e-21
-393194080000.0
3.5081686e+33
-4.2131752e+24
417802240.0
2.0242882e-18
-2.917379e+37
-6.6969013e-09
-4.4676202e-07
-2.6432917e-20
-7133032300000000.0
-5.16502e+21
5.9967036e-09
-2.3375343e-08
-39351904000000.0
-3.1439978e+29
-2.7669568e-12
-3.180262e-05
7.853725e-33
2.3077485e+32
3.1418213e+38
-2.9435415e-28
-5.118093e-20
0.54537374
1.4880914e-11
-4488540400000000.0
3.451782e-27
-186858240000.0
-2.635841e-13
4041136000000.0
6.2254786e-38
-9439272000.0
3.1774972e-24
-1.00585185e-23
-5.1781825e+32
-351942020000.0
1.6330142e-09
-1.9331172e+34
9.737634e-21
-9167.579
5.3360264e+31
3.1609393e+27
4.5285763e-14
-1.1210816e+19
-8.1923745e+36
4.9698417e-23
-972.1534
2.3273049e+38
5.1585515e+33
-6.4056083e+16
3.830115e-37
-1.6392162e-25
-259785.81
4.318607e+24
-1.20283555e+20
1.1716149e-12
-6.377281e-39
7.713806e+37
-4.083526e-28
2.2373805e-28
-6.2206526e-24
5.7653376e+30
-3.941009e-29
261305990000.0
-1.9258538e-25
3520596200000000.0
-14.523233
1.927146e-12
-7.651406e-14
1.4048002e+31
1.8045307e-22
-2.2348751e-38
-6.541738e-19
32897276000.0
-1.1122801e-24
-12.791425
-8.564346e-34
-8.350004e-09
8.648399e+37
-3.144127e-25
-2702.0872
5.2245633e-23
8.5414633e-16
-3.9115187e+28
-5.9505926e+27
3.6407643e+19
1.9824312e-29
110.93171
6.8524894e-37
3.4863747e+29
2.4045534e-26
3.937609e-18
1.8475847e-36
1.116375e-24
-409349300000000.0
-1.160241e-34
-1.1871333e-24
-36060860000000.0
-5.5825114e-12
21.379032
-1.3014673e-16
206247370000000.0
-1.0354919e+26
6.37815e+25
-3.2741834e-06
220.20728
-6.6556064e-16
-1.5914328e+22
-6.6490256e+26
-49861395000000.0
-2.4331641e-26
2.0538705e-29
-1.380726e-39
2.169176e-34
7.468327e+31
0.18464851
0.00018060244
-8.744659e-29
-6.941846e-25
-3.4767135e-07
2.0469622e-21
-1.02996894e+21
-6.5571344e+36
-9.1472097e-10
1.06388534e+21
3.842195e+32
6.2037606e-09
-8.260557e-38
-3.92103e-11
8.0739835e+27
-0.48000488
1.9602859e+31
5.044156e+29
-2.7326412e-31
-1.5860165e-35
-5.5543324e+34
-9.295791e+22
-2.62037e+34
1.31086195e+20
7.787655e-17
-7.102575e+28
-4.6354877e-25
-8.3698526e-29
-1.7396445e+34
13315.099
1.7335592e-15
1.6669373e+28
-3.8557417e+31
-1.1630116e+24
-2.5109543e-28
-1.8043149e-15
1.9720172e-18
4.8908047e+20
1.11956255e+36
-1.03401685e-32
68.709366
-1.3094269e+33
-6.2458167e-29
-0.00020167779
-9.0065246e-35
-3.3867998
-34693844.0
-2.0333254e-38
-0.0040672245
6.2368214e-23
20430.895
1.5685758e-23
7.763934e+30
-3.3717864e-19
-6.008215e-06
5238355.5
-3.3604111e-25
-1.65896e-12
1.243133e-19
-2.9342105e+30
-5640328.5
9.123921e-22
4.990634e-06
-1677529.8
3.3939254e-23
-2.1142672e+28
-0.18199225
7.0385155e+22
2.8298327e-14
-1.058395e-15
-5.542899e-32
5.177287e-12
-3.4559336e-31
9290633000000.0
1587409.9
-5420813000000000.0
-9.38058e+24
-1.3157702e+28
-118933330000.0
1.0299918e+30
641.44635
-3438369000000000.0
-0.059937794
-2.0441221e-10
6.069172e+19
3.3525883e-11
4.8855058e-05
4.5007457e-08
-1.4664389e-08
-4.005172e+23
-5.358701e-08
6.1347735e+36
5.749588e-34
0.0050835353
3.7519588e+22
-2.8915994e+35
0.00022978873
-9.1891155e-18
362852.34
-3.0803229e+34
2.142209e+28
5.202083e+23
-6149.4956
3.9634462e-18
1.9639162e+34
2.8694043e-28
4.9749046e-36
2.635892e+33
5.078657e+34
-5.2783147e-05
-1.2154337e-26
1.4650215e+24
61245800000000.0
-1.7596845e-09
-1.766041e-38
4.5842496e+36
2.6443126e+35
-0.05112853
-2.2864116e-07
1.252336e+23
4.623622e+24
7.6736517e-19
124848530000000.0
3.0916516e+32
-1.192378e+29
-6.216464e-32
3.5540128e+21
-5.897398e+23
-4.8538896e+23
-8.529363e-30
2.559508e-29
-5.265866e+24
-4.0973954e+16
4.7329076e-25
4176.8594
-3.844804e-20
-341084430000000.0
3.3673319e-37
1.2155236e+24
-3.7918546e+31
2.0430464e+37
-53960.1
6.95783e-07
-7.8575017e-31
-1.7610996e-09
9.8928895e-20
2.0620458e-20
-2.9145896e-22
7.4013475e-22
-7.24225e-21
-6.6017217e-24
-0.0023514528
-60104196.0
-1.4462312e-08
-2.8627057e-27
-9.5797844e+27
-2.2318098e-19
-4.937693e-31
-93440950.0
1.12805896e+30
-2.132108e-05
2.0452457e+36
-4999.4844
-1.9081731e+25
-5.477209e+23
-161108.62
2173512600000.0
21417730000.0
2.2042383e-25
-3.3951438e+37
-3.455348e+35
-449592300.0
-2143624500000.0
6.393777e-12
16389612000.0
2.8995398e-11
-3.4637253e-08
-1.716284e+32
4.674406e-22
2.8768046e+29
-4.3348323e+31
9.271388e-34
1070362300.0
8296687000.0
-113.46031
-9.49513e-38
-7161.0415
-4.3514296e-11
3.7214546e-13
703276.4
-3.4887276e+26
-3.9540786e-30
-10201737000000.0
2.8192768e-35
5.131219e+28
-31792500000000.0
-6.209351e-19
-5.647396e+20
-1.3602741e-31
3.5321446e-10
-55933976000000.0
-3.43275e-37
29740.11
2.4182304e-14
14094340000.0
5.64601e-22
-1.4258616e-12
-1.1574964e+23
-0.0014417716
3023938600.0
2.0417692e-18
325.1603
-2.4204604e-05
-6419.1104
3190499500000000.0
4.583874e-16
-4.328936e+17
-4.614734e-35
4.183692e-19
2.6988778e+29
121962.82
-0.0032396358
4.007654e+36
-2.6082742e-18
3.3158713e-38
2.9501383e+36
1.5784594e-25
0.061981797
0.057023603
0.0003632383
5.2799454e-24
-5.8293955e-15
-4.181072e-36
3.0609684e-07
-1.2758976e-32
-3.3040524e-24
-1.0519036e-28
3466806200000.0
112479000000000.0
-693528.5
-0.02743054
-0.0011019813
-1.4405475e+31
4.7884378e-29
-9.841043e-36
3.076457e-37
3.2642463e-25
1.7722487e-22
1.6481237e-32
59302715000.0
-5237804000000.0
3.6311558e-38
-7.301872e+30
-1.1848173e-26
2.052926e+33
-4.922417e-22
-0.014936531
126786910000.0
1.3433981e-24
1.9025362e-28
-1.485888e-35
-3.5978048e+24
-1.0782057e-07
-0.3697291
8.925125e+24
-996691800.0
2.0803883e+28
-1.0497301e-19
-2.6592543e-12
-207514950000000.0
-3.408535e+37
-2.055339e+35
-1.9741543e+21
1.4850909e+31
3.71994e-21
-1.5715514e-15
-188012430.0
7.5814746e-23
4.4691774e+23
-1.161637e-35
6.5399594e-20
9.4951565e-23
-8.283801e-17
6.9921704e-09
3.779815e-11
-4.6303955e-21
7.907197e-30
25714921000.0
5.678825e-21
9.4033264e+24
-8.097267e-13
5854355.5
3270.1836
-8.576737e-10
-3.2664118e-17
-894364800000.0
5.531936e-35
1.5251593e-27
4.0524907
1.1412164e+23
3.5547648e-22
4.8785217e-24
0.00019642818
-2.1237714e-29
1.4556944e-05
-0.7340748
-555729800000000.0
1.2144388e-19
-2.677093e-16
-1.4063407e-10
-7.738688
-8.799222e-23
2.8922262e-14
8.687676e-08
-6.8448825e-17
9938492000000000.0
3409673000.0
-6.33338e+20
7.3443967e-37
216103620.0
-2.6055682e-14
-8357910000000000.0
8.190587e+17
-2.0021904e-15
-3.0281832e-34
4.082759e-18
9.691225e+23
5.7090377e-09
1.1236984e+16
3.3809362e-12
-5.5219353e+20
-5.732746e+35
3.3719705e-23
2.1463807e-12
3.5545993e-11
-1.2575349e-10
7.764598e-22
-1.14616356e-32
-1.3395625e+34
5.2238453e-15
1.1488759e-24
-3.9229597e-32
4.5563995e+21
-8.537424
-4.719036e+24
294.58746
-91377680.0
6.0229238e-33
1.2345623e-24
1.1865954e-22
-8.198062e-25
77428.41
5.346856e-19
-19.37593
-9.7550966e-24
395187660000000.0
-1.4202246e-15
-5.1767735e-24
0.00026953532
-0.00010648429
9.3942456e-26
8.670221e+23
-6.49556e-07
5.099222e-27
-9.613088e+31
-4.4612683e-25
71751860.0
-3.5184477e-38
-7148663000000.0
2.1314133e-07
-5.9081618e-37
2.9380644e-38
4.4883775e-35
-783.0878
1.6922243e-16
-8.454271e-09
-1.2112472e-35
16011649000.0
-4.53142e-38
-31238206.0
-1522979000.0
1.4253166e-05
-6.050501e-27
-329.88934
-3.6364254e-29
2.4177915e-17
-2696554200.0
-5.1442142e+19
430564730000000.0
-1.5068784e-17
-0.20181462
-7.4989084e+33
-4.6756593e+24
1.0613551e-32
1.6946155e+33
-2.5255523e-10
2.3149234e+16
2.0194723e+18
-4.023589e-33
502473.03
-0.051515587
3.4341502e-11
-2.7588073e+29
-65.03786
8.8427435e-34
1.4975438e-13
-0.030996842
2.0370388e-07
1.566268e+18
-4.4132443e-14
-738683900000000.0
140345.95
-1.2508478e-05
5.1802224e+32
-10419.757
-0.02228058
-2.3269455e-22
-9.1975655e+27
0.025994744
-29158177000.0
-2.3969183e+18
1.0825993e+36
1.8995441e-23
3.505e-39
3.3661475e-22
6.1177303e-07
7.807395e+27
1000.0354
-1.50830695e+23
-997861760.0
3.712307e-30
1389674.1
474917240000.0
-1.6043911e-37
-1.035425e+21
1.8274083e+18
4.5340038e-38
2.487488e-26
-2.5142376e+22
-0.0011586212
-5.5277984e+25
-4.8458346e+17
-2.7105498e-32
-7.7112416e-10
2.5705525e-12
-2.810679e-12
3.6551545
8.809305e+32
-9.824726e-25
1.4157298e-14
-4.304708e-30
-1.6657547e+32
8.966286e-25
2.4064535e-29
0.18879013
9.647957e-16
1.6755268e+36
-1.4158332e+21
650.72363
739260200.0
2.7283946e+22
-4.933658e-37
-362.41302
3.5920701e+16
452227170.0
0.6109415
-2.3325143e-25
1.5339388e-30
8.634254e-19
-9.285809e-16
-3.71526e-22
-8.806346e-23
1.6304583e+34
-1.6116921e-17
-1001625800000.0
0.0007002641
4.2926695e-36
2.3108662e-06
1.18900896e+24
-631206700.0
-5669.2207
2.9127306e+16
-4.5335486e-36
5.419124e+29
-3.6209527e-25
-1.3487852
-8.054687e-12
241876.39
-7.087653e+36
2.8304167e+16
-9.658117e-22
-2.2411689e+17
-4465021000.0
3.2848128e+37
161792.8
0.00272046
-0.011890021
5.5810733e+27
857172900000.0
-7.334425e-12
2.7311949e-21
1.2167226e-23
-4.301684e-09
-5.6872527e-30
22675862000.0
-1.0612656e-18
-3.9650993e+27
3.1393332e+37
8.995425e-24
1.3296004e-28
-1.3073579
1.1422513e+29
0.03595723
-192.13838
-4.6666373e-33
-0.0001230313
-328055600000.0
1.3296348e-34
0.044847645
1.575553e-08
6.312566e-34
-1.7689527e+32
3.36112e-37
5.7309867e-25
176305.11
3.2933586e-16
5.742813e-29
-3.7972742e+19
-1.0350729e+36
1007250900.0
3.1585468e+25
1.7017697e-08
2.5229457e-11
-6.1276464e-14
-1.8222402e+26
1.404034e-34
-2.2376066e-35
1.52199e-27
-1.2764449e-30
-2.0785545e-27
-166701730000.0
4.5841432e-37
-2.1847002e+20
3.6017403e-19
-7.589087e-09
1.0529496e-16
3.2577544e-27
-1.1294856e-31
1.0958973e-24
7.199336e-26
-4.7798185e-06
-4126.7905
-1.4586306e+25
-4.3374823e-14
-2.296475e-34
-8.902266e-33
2.7361127e+33
3541970700000.0
6.386206e+37
-1.02780095e+21
-2.0347585e-05
1331.8998
26379.756
-7.3653243e+30
2.7386636e-06
-6.4354137e-22
1.2798211e+20
-1.1963211e-36
-6.7121152e-12
-2.440817e+22
4.6676587e+20
3.6314965e+33
2.6305925e+23
1.096009e+16
4.0464765e-09
1.0161595e+25
-2.055178e+19
-0.46904793
-9.1072506e-17
3.9638597e-15
5.706647e+19
1.4819983e-32
20532387000000.0
6.763492e-12
18.350586
-8.939031e-34
-3.0487113e+18
-3.3394055e+25
1.0131237e+35
82706220000.0
1.9495748e+21
5.7672085e+35
59925.668
-1.0067537e+37
5.1872836e-25
-0.0075023742
0.21677446
194870400.0
3.281382e-27
6.000063e-16
6.2800742e-09
-3.029575e-28
1.1258706e-38
-9.183711e+30
267454.47
2.0399741e-19
4.658046e+33
-1.591978e+38
-1.2702588e+24
-0.0096412515
-7.938562e+23
-3.0235488e-24
-1293315.0
2.4220343e+31
8.750144e-32
-1.4366744e-27
177493970000000.0
-1.6966928e-10
846103.3
-3.981495e-08
4.6682827e-30
21948838.0
2.0295638e+36
-6.930233e-09
-8.473588e-29
34.75982
5.1887916e-23
0.029890694
-8.8260786e+26
-1.7111712e-16
1.6839273e+24
1.6178103e-33
21830438000000.0
367331.53
2.4960392e-23
1.12343e-14
1.4201243e-10
12619518.0
-2.1352582e-29
-6.1799984e-37
1.6671845e+17
-1.7603345
-7.979147e+16
-2.687915e-25
-0.43472746
-5.3046994e-37
-1.2909949e-15
-2.5733278e+33
-1.1247145e-38
-1.6880383e-08
-5.112006e+35
-112004830000.0
2.3580587e-35
2.0656612e-11
3.9297344e-38
-7.789701e+27
5.0268187e-05
1.6205659e-10
-777978000000000.0
1.8523747e+22
-2.9291942e+27
-1.5593083e-33
-15059.612
1008616000000000.0
-2.2773062e-18
255317.38
32790809000.0
1.9751719e-16
-0.0029784867
nan
-1.4107961e-07
0.0036954111
1.1044642e+31
-9.9975876e+29
-6.9710235e+30
2565200000000.0
0.025323637
-8.825095e-15
-5.144185e+26
-2.073814e+35
2405800200000000.0
1.5377768e-26
1452.7429
-3088052000000000.0
-7.64645e-13
5.144297e+35
-560427200000.0
9.807735e-37
-7.3809074e-28
-2.4022377e-29
1.7585311e+34
-1.5782914e+21
-5.844109e+29
39281775000000.0
-1.0773077e+36
-1.9450524e+18
-1.0336577e+36
104287180000000.0
-4.9451318e+32
1.0436203e-10
2.5052033e+21
-1.1693472e-19
-1.260811e+28
-6.912867e-16
-3.3990918e-37
1.0782477e-30
1.6987276e+31
7.1362703e-12
-8596187000.0
3.238112
2.3684402e-14
-2.6864811e-05
-2.0910587e+26
-2.2451836e-35
491409820.0
2.0555955e+18
-6.303692e-08
-2.372085e-14
99171810000.0
2.6474785e-22
-2.6726306e+23
80512700000000.0
8.324012e-17
3.6901906e+27
5.5281126e-09
6.19804e-19
8.33508e+34
2132844200.0
-6477736600000.0
-100546090000.0
-498890.16
-2.4104888e-17
-2.4307672e-18
-9.52082e+31
2.5923426e+38
-6.0384283e+31
-1.740666e+30
-2.5371604e+32
1.4416113e-08
1.0713919e-18
1.2564204e+30
-4.408671e+29
5.3658194e+32
-1.7098652e+33
-1.1359354e+38
5802612000.0
-237503.36
-1072960630000.0
3.6214336e-34
2.533971e-28
5.9399066e+31
2.44415e+29
9.052692e-14
-541078.75
6.2476936e+35
-999235460.0
-2.7501026e+25
-1.3385521e+29
3.123695e+28
nan
-0.00034452867
1797780200.0
-6.923002e+36
-3.0151931e+35
1.6868468e-36
50803096.0
-1.658771e-37
-7.38415e-10
8.6866075e-15
-1.2706995e-08
1.6679932e-35
3.5055643e+31
-1468823.0
-0.0025514215
1.8623068e+27
-0.0004308349
2.0233739e+24
9.410055e-08
4.00378e-30
1.2651591e-05
-2.9746173e-27
-6.975638e-12
-0.00011674829
-4.3006826e+21
3.760121
74311870000.0
-1.23568214e+30
nan
-1.5053317e+34
-379834340000.0
5.8932256e-30
-2.5846753e+20
-1.1816383e+28
-1.2553573e+30
-3366.5205
48.897465
-5.3147887e-16
5.0119396e-12
4.602344e-15
-1.6243825e-15
8.248533e-17
3.6037075e-24
-3.2573094e-21
6.5975797e+30
-1.8722976e+36
-755861700000000.0
-25671590000.0
25724524.0
-2.3725484e-07
520219.88
-1.2256838e-18
6.551642e+22
1.8027664e+19
-14524603.0
1.216678e+37
-3.2348014e+33
3.8219674e-11
1.3557508e+30
-3.771455e-35
1.1551128e-09
1.995458e-32
-8.7662445e-27
1.4156303e-27
72580970000.0
9.129679e-21
-3.4741495e+32
-510361900000.0
-8.173717e-33
-5.1952715e-24
7.9023934e+28
6.763228e+27
41.363106
8.2406955e-17
-2.774535e+26
401477600.0
-1.5709564e+35
7.156038e-19
-1.4508184e+16
3.7286782e-16
1.7081512e-34
-195566340000000.0
2.353088e-32
14900332000000.0
1.2667591e-06
-7.32073e-22
7.2946124e-05
2.979511e-27
1.5166794e-08
-1.5762105e-07
-9.7019414e-27
-139.14758
2.2599394e+23
-3.055879e+22
3.2786124e+34
-0.067991674
3.153678e-18
-4.2418224e+32
-4.352066e-24
3.4162327e-36
4.0408755e-28
151862120000000.0
-9.9449384e-15
9.7511207e+27
1.8011449e+37
-6.350801e-16
6.121239e+20
2.0171785
-0.00013409907
-494507980000.0
-9.261593e-14
-9.086492e+25
-120.18226
-4.826225e-19
-1.6147256e-16
5.4182048e-14
3.8221567e+36
-4.393114e-36
252.24109
-4.0829968e+18
-1.2722663e+24
-1.3864125e-34
9.93251e-09
-5.193555e-34
363810300000.0
3.4904057e-36
6.1616575e+25
8.200106e-25
-4.9056617e+30
6.679479e-30
8.151005e-35
2902232000000.0
-2.6876632e+17
2.4371824e+18
1.9160067e-31
-1.9689827e-16
3.0649263e+31
1669344700000.0
-9313056000000.0
-1742380200000000.0
1.008611e-16
5.3023756e-27
-2.1620104e+18
3.3189497e-21
1.2943048e-33
7.474628e+19
125334904.0
1.1305755e+21
-2.4412522e-34
9.912079e+24
1.836037e+19
627586500000000.0
3.75983e-30
2.962942e+31
-470.26956
-6.448681e-09
-2845701200000000.0
-8.155249e-13
-1.3160898e+23
-0.013019183
1.38004275e-08
-2.0795947e+34
499.94806
58.57305
16935.527
-8.8700184e-13
34165204.0
3.3619793e-22
2391399400.0
-1.0690768e-14
1.4212496e+33
-1.1724293e-35
7.594867e-38
0.0003219549
-2.6760153e-13
92640.83
1.08852555e-16
2.7847208e-36
6739164000000000.0
3.4567195e-26
-1.669723e+32
2.686468e-30
3.5678072e+16
-3.8087046e+27
1.4775492e+24
-89.83856
-1.5591281e-34
-2.5157182e+29
-2.8831677e-11
2.2484123e+20
6.535648e-27
-1.8216006e-22
-2.4863616e-29
-0.00010491261
nan
50889.855
-26004.95
-253922910000000.0
-1.7964685e-33
-9.733694e-08
-1.393002e+19
-122414280000.0
7.9198544e+29
-8.6715886e-08
451868.66
3.640606e+22
2.6722252e+37
-2.884187e+19
-986857300000000.0
1.9963077e+21
6320430600.0
-3.083612e+34
1.135395e+38
-1.4778973e+25
-5.2770683e-25
7.227281e-31
3.368939e-39
-1.1512434e-18
2.3049784e-20
-7.1470457e+33
-0.93465334
6.9835644e-14
-5.7415077e-09
-1215.274
-5.5542198e-25
-2.4952073e-14
-3.567819e-23
-7.724722e-27
-1.649397e-34
-1.0886218e+32
-3.6163833e-08
1.269091e-18
0.0027131997
-5.826022e-38
3.708472e-38
7.413734e-27
-1.6781112e-37
9.024086e+30
-7630951000000.0
2.8430688e+23
5.5790804e+35
5.814294e+26
7.2218607e-12
-1.7697782e-09
-4.126549e+37
3.6037452e+20
3.39704e-12
2.077576e-30
5.746025e-16
-0.029617172
-2663661700000.0
4.5015368e+24
2.6484177e-12
1.73298e+23
-1.0507991e+21
1.7058251e+19
-185775650000.0
2.1777523e-17
1.7753372e+28
3.538743e-36
-172591100000.0
-1.3538737e+18
-12.6375675
13663432000000.0
-4.0563624e+24
-2.5109858e-20
-0.028964553
3.5155497
-1543762.4
-2.866409e+24
9.998301e+25
-7049607000.0
-86123560000000.0
-1.470371e-34
3.2817158e-24
-9.3085826e-27
0.0001360313
-4.459669e-16
-1120660.2
2.2551461e+21
-8.2027404e+37
-128734570000.0
8.032999e+36
2.1620791e-10
-1.3638562e-12
1.032252e-29
-1.1185383e-28
4.8974408e-21
1.1592644e-26
-1941182400000000.0
-1.2881221e-24
4.211346e-31
1.1220991e+26
7.821603e-07
-1.0330554
6.137701e-05
-1.9920552e-33
-20745.967
74066820.0
-7.9734654e+31
-3.7331307e-31
-16.168438
-3.6673073e-06
1348688400.0
2.1225112e-08
50404230000000.0
8.529443e-34
1.2385414e-08
0.0003360961
-2.1916296e+27
-9.213879e-07
10928850.0
2.4506122e-28
7.126806e+33
4.9197774e-33
-6.7602837e-28
1.1061408e-37
1.1190472e-38
1.3227056e-27
-1.5345369e-26
1.0904494e-09
-1256925800.0
6.082629e+26
-1573706600000000.0
5.2229186e-29
11.562495
-23021955000.0
-5.4349637e+29
1.250002e-25
-1.2124957e-14
-1.8705995
-27197592000.0
-1.6703076e+23
-13.575358
8.6462405e+30
7.2814163e-07
2.7033143e-20
-126868024.0
1.5436868e-38
3.119946e-33
-3.996768e+29
2.376579e-19
-4.6043938e+35
-2868.8699
4.200622e+24
1.8409006e+17
-16158120000.0
8220458500.0
3.1560715e+22
-2.8368548e+19
-5.1928653e-30
-1.208962e-30
-1.1847551e-11
-1.3521107e-11
-54.147038
-2.3491852e-07
7.669086e+33
9314.581
2.9075732e-30
-116.94415
2.7798005e-20
1.1932151e-11
-2.463002e+16
1.7493062e-33
-6.4022723e+25
-1.0563364e-30
-29846573000.0
2.3913121e-23
-47648700000.0
-302717.88
-3.7399344e-14
-5.8292066e-37
2.3499841e-38
9.889993e+25
2.0815767e-27
1.9563642e-16
-2.0605562e-14
0.009472966
-30112225000.0
-1.2409253e-24
653306000000.0
4.723475e-34
-5.3698873e-34
-1106121650000000.0
-845696700.0
nan
9.166557e+24
-8.4471644e-13
-1.206455e-18
3.5562227e+29
1.6713831e+33
0.03052817
9.7846805e-33
-0.10284902
-3.110535e+20
3.3116507e-21
78294270000000.0
-8.7330605e+36
1.5700414e+18
1.9468205e+34
7.0593814e-35
3.206021e+38
-9.731358e-21
-2.6277727e-30
-4.7077064e-11
-4.1826558e-31
-5.162624e+33
-4.295193e-11
-4.442524e+22
-4.053035e-28
-3107109500000000.0
-5.9511813e-22
-6.8798716e-38
-4.9091126e+36
51751646000000.0
8.415247e-36
2.7672831e-07
-6.6079574e-32
2.0266838e-28
4.1560135e-34
7.0045313e+30
-2.829447e-24
-1.33387854e+17
-3.481421e-26
-4.0220028e-14
1.5127838e+38
7.2122902e-12
2.3246156e-37
-0.00047914707
-1.2098908e-35
1.9452473e-21
-4.3208993e+24
5.6280804e+23
429.0596
-0.00043338106
-15639703000.0
-1.4415477e-07
1.0204663e+34
1.3941861e+29
-4.7997385e-29
-9.910133e+37
392495230.0
-6.4014037e+30
5.28099e-30
-8.709166e+29
-24014095000000.0
-3.9498005e-24
-107346700.0
2.2533482e+25
3.5334655e+16
27.153873
-1.1748642e-13
-3.970069e-21
0.0222288
-1.0482352e+24
-2.1047899e-27
nan
5514301400.0
-5.347222e+22
2.0072087e+34
5.7398754e+20
-3.448164e-07
-1260.825
1.2557304e-29
0.0009964929
-1.5118206e-33
-9.855755e-19
7.3228944e+22
-4.0400083e-09
-4.161496e+36
-60675744000.0
-1.0081374e+26
-2.3238142e+17
2.4419519e+33
41563476000.0
-4.224608e+20
5.125551e+17
-2.6160226e-23
8.3485685e-07
-0.0042096367
2.679298e+26
9.8326284e-30
2.7462784e+29
-13299923.0
1.7083049e-15
8.485125e+21
8.475415e-08
-1.4094575e-11
-1.4973874e-09
1.9982897e+17
6.8251423e-35
-3.7608167e+21
-0.1167118
57223812.0
7798642000000.0
-8.763238e-28
7.884925e-07
1.267121e-14
-1.7215026e-22
-7.392879e+17
-1.2178007e+31
0.00090506405
-7.9885976e+21
8441794600.0
-282245730.0
-4.1735733e+26
-3.138407e-14
-2.9619286e+24
-6.0438725e-33
5.2502315e-17
-3.0594303e+17
3.0590786e-33
-2.9203215e-34
-4.8770092e-21
-28635280000000.0
-1.9011081e-22
-206003620000.0
3.9576624e+31
-1.991341e+25
-1.8462529e-30
5.3842016e+24
6.226038e-14
-5.0403193e+33
3.1373955e-07
2.4448512e-31
-219.33072
-1.8541928e-33
1.2075233e+16
-0.00025435947
-1.1583371e-32
-3.12726e-30
-128.14293
-367.43414
-962432200000000.0
680403140.0
19137160000.0
-7.1009704e-32
7.246695e-17
-1.5107537e+18
-3.7264643
1.13689854e+21
-5.9851425e+25
-1.540849e-19
-1.411429e+26
-5.722785e+35
-2.6103604e-27
-3.1024491e-21
nan
-646734.7
47547.15
8.5425866e-10
-1.1792011e+21
364677500000000.0
2109779.0
0.0011887193
491626100000000.0
1.6136494e-12
2.413747e+23
-1.1183816e-23
-1.8480251e-31
-3.7160757e+22
-2.337513e-34
-1.8299451e+24
-1.525448e+38
0.09040109
-2.4378489e-21
2.1841819e-35
2.3397485e+36
-2.3434492e-26
-5.940825e-37
-0.058406956
-2.0348508e-21
-2.3057814e+17
-33738.582
8.8688165e-29
-5270937.0
-1387363.2
-3.0400823e-05
4.564771e-25
183741130000000.0
3.6045367e+24
10639610000.0
39.19037
-2.3304511e-21
48302670.0
-3063192400000000.0
-5.3545676e+28
5.3444527e-28
2.878976e+27
9.923683e-17
-2.22265e+25
6.942773e+28
1.3770978e-09
-4.3003184e+21
-0.0015867717
2.0122051e-18
-3.0996636e+37
3.5468772e-15
-69.820335
8.979335e-37
-1.1498495e-11
-2.90896e-20
5767683000000.0
-6200440000000.0
-8.8102755e+28
-1.2431495e+35
-3.4301917e-14
-1.3359994e+16
3.6585665e+16
1.3375918e-06
1.843625e-19
3.0081616e+28
-4.6982827e-35
-9.372607e+19
1.7837824e+38
-20.645956
3.1782605e-34
1.9936008e-38
1.146329e-26
2.7767203e+35
-8.157696e-37
18918045000000.0
87188.445
50019.574
-1.3130982e-06
-1.7102321e-23
-1780188200.0
-3.9540803e+20
2.0543601e+24
-221348.47
1.9451105e-25
-0.011012748
4.4419535e+27
-5.2791018e+29
-0.008788121
3037446800000000.0
-2.5617498e+33
-3.0121034e-31
-151192940.0
538.34534
4.7878933e-26
-9357983000.0
5.3143965e-05
0.40691036
-2065782.1
-203687470.0
9.709216e-18
193894650000000.0
1.0760677e+27
-7.613831e-36
-1.3550804e+16
1.694677e+38
-6184457700000.0
1.4382707e-35
-7.106405e+29
-3.596056e-08
1.1808135e-37
2.6941869e-12
2.584814e-10
-1.3599134e-08
1.1407961e-08
-0.042071972
2.9383907
4.224028e-17
-3.8907407e-22
40.757
114069.49
-120087.3
-1.5879949e+35
-3.2643105e-14
8.868497e-35
7.100606e-09
2.1497833e-10
-1.0971254e-07
0.044431407
-29353746000.0
-3.263523e-32
3.2723042e+33
1.4189662e+34
2.7793956e-09
-2.31517e+30
122745020.0
-1.9403691e-19
6061572600.0
-1.6065953e+36
6.4223336e+20
0.9804429
-54.42293
-8.2631634e-23
-7218857.5
4.581028e+16
-2.7836923e-13
-78.99734
2.6686613e-33
2.3637178e+25
2.3561914e-29
11620149000000.0
-645295.25
1.4993707e-35
1.205759e+19
-44809760.0
-2238.0164
-9.282115e-16
12631180.0
-4.61048e-39
3368.2092
3.3946807e+33
8.283137e-08
-0.28014335
-1.8021311e-35
-50.37973
-2.3312464e-07
-3.2169364e-06
1.04474275e-27
-1.6565293e-13
-50.931664
5.3441595e+36
7.755815e-18
-2.1696566e+28
1.475552e-23
243554880.0
4.587535e-10
2.331934e+27
0.099971
-3.1137276e+35
6.964376e-21
2.3632986e-37
0.05172967
-3.6249557e+22
-1.4256541e+38
-9.324581e+36
-2173.9868
1.5967594e+38
-131370340.0
43.155724
2.450481e-09
1.9313227e-08
-11.908043
2.1170493e-34
8.087964e+30
7.547283e-33
1.8018409e-15
5.3151933e-08
-2.5275307e-38
-236.85936
15269.203
-1.2264451e-17
-1.1450739e-29
5.8837955e-38
7.210424e-24
7.9716715e+36
-8.5166625e-26
2.1912726e-35
-0.000114168
-0.006175876
-13286097.0
-6.830587e-37
-3917403.2
1.8104e-35
-1.7230324e+33
0.070337884
9.860461e+24
-6808223000.0
7869192000000.0
-0.07182489
-1.1933263e-15
-1.1299306e-30
1.4202131e-24
-1.3630186e+32
9.81691e-28
-789.4466
-6.667492e+17
9.158101e-08
-2.0598616e-08
-5.5761156e-28
3.2264305e-25
6.469694e-28
-3132221600000.0
-4.1170112e+34
36226.67
-9.2877254e-11
5.650239e-37
42150.676
-2.7335941e-18
2.4099747e+37
1.8532624e+31
-1.2761377e-08
-5.065432e+18
-193945600000000.0
-9062602000.0
-1.9692632e+31
-16744832000.0
4.1672933e-20
1267106600.0
-9.774629e-39
-1.0488308e+26
0.23839164
526286900000.0
-2.2953852e-28
-5.3724226e-30
4.956247
-9.0695875e-36
3.98961e-16
-5.4187928e+32
-1.9190412e+28
1.7451325e+25
2.6094792e+31
2.1188396e-33
2.3276502e-11
6.2326873e-34
-8.825662e+28
14.603326
3.9311703e+16
2.0220474e+19
-2.2345553e-25
1.1786296e-06
-1.5755746e-33
-2.6760877e-11
2.3796415e-06
1.8228319e-18
-7.430944
2.410999e+37
4.1150822e-38
-384765950000.0
2.6061705e-33
482160.53
-9.077604e-20
3.1014255e-31
1.2572191e+19
5.675516e-09
4.1679778e+17
-6.425829e+22
3.8609466e-14
-3.3373766e+30
-1.933382e-08
-8.548383e-16
-2.5452175e+29
-7.05754e-28
6.8264575e+25
1.771807e-39
-1.4508153e-08
6.188972
-4.282509e-28
-1.1870709e-19
-4.340958e+35
1.0899349e-38
-2008177500000000.0
-5.858673e-22
-2.4893415e-35
4.2062826e+35
-9.253049e-35
1.006543e-30
-3.8374098e-10
-5.854172e-26
-1.7295839e-37
1199575800.0
1104037900000000.0
-9.154436e+23
-1.8273444e-25
-2.5080599e-21
-6.9411947e-23
-373321.1
-8768039.0
3.7341518e-21
25914.441
-2.866142e-06
1.9191724e-13
3.055541e-31
1.7210234e+31
3.441824e+37
1.2768181e-10
-4.054578e+37
15856634.0
-1.11527385e-07
45513750000.0
-7.2084026e+19
-2.1448603e+22
-5.47287e-26
-0.053904846
-8.762228e-31
8.018748e-38
-8.0282476e+31
6.038287e+28
3.6952863e-34
-6.649459e+36
27.403011
-3.1378714e-26
-948.02435
-4.8012335e-08
18.92509
0.00035530332
0.00019515182
-8187000600000000.0
1.9043474e-14
-315794.03
0.0013218168
5.5076805e-17
-1.1955228e-25
-0.00041128526
-2.0293492e+29
5.0611272e-11
3217512700000.0
80387.234
-20444193000000.0
-0.012314393
-57.8822
-0.431389
-1.132099e-27
-5.5522167e-13
-1.2791275e+33
-7.4040905e-36
-1.5046732e-27
-774.2014
0.0059980294
-0.0013009682
-3.711373e-39
-20841740.0
-13002497000.0
-0.03373661
6.715971e+21
521.00616
2.3990317e-33
-8.3851365e-17
-5.4014383e-14
2.3029307e+21
-3.2749403e-37
-1.200905e-21
5.3505104e-12
-3916962400000000.0
1.0346612e-07
-0.00045876257
-7461883000000000.0
-5.289836e-35
-2.3258493e-15
-8.964645e+29
-1.6669574e+36
1.4774449e-21
-1.3398006e-29
-7.5228165e+25
5.5237355
2.749244e-08
1.4523521e+16
-8218204400000.0
556501.75
1.8632254e+29
15615.122
-23126470000000.0
-7.2617076e-14
2.0011719e-38
4.1634207e-17
-5.6472566e-37
8.600716e+33
1.7536814e-07
-6.047454e-26
-2.8386582e-08
-2.0872984e+19
1.783653e-22
-1.0308161e+29
4.987986e-06
-58.94276
1.5432623e+16
5.743233e+30
1.8688074e-19
-1530967600.0
-5.0809813e+33
-2.8586866e+17
9.783035e-17
-77544980000.0
406107300.0
8.398815e+16
-1.8015858e+30
1.6585433e-28
1.8648416e+22
4.597152e-33
-6.413956e-18
-2.7873997e-12
1.9081553e-34
-3.934628e+28
1.2446282e-18
21199846.0
-1.7086133e-35
-1.2125841e+23
